185 312
505 312
b 129 159 576 159
b 576 479 129 479

b 257 414 328 414
b 328 414 328 344
b 328 344 257 344
b 257 344 257 414

b 377 344 377 414 
b 377 414 448 414 
b 448 414 448 344
b 448 344 377 344

b 448 295 448 224 
b 448 224 377 224 
b 377 224 377 295
b 377 295 448 295

b 257 224 257 295
b 257 295 328 295
b 328 295 328 224
b 328 224 257 224

b 329 296 329 309
b 329 330 329 343
b 329 343 342 343
b 363 343 376 343
b 376 343 376 330
b 376 309 376 296
b 376 296 363 296
b 342 296 329 296

w 128 160 128 479
w 577 479 577 160

p 328 295

l 480 287
481 288 481 351
481 351 544 351
544 351 544 288
544 288 481 288
k 4 
329 224 376 224
329 255 376 155
329 383 376 383
329 414 376 414