505 325
312 325
b 161 128 544 128
b 544 128 544 542
b 544 542 161 542
b 161 542 161 128
b 388 383 385 383
b 385 383 385 446
b 385 446 388 446
b 317 446 320 446
b 320 446 320 383
b 320 383 317 383
b 388 224 385 224
b 385 224 385 287 
b 385 287 388 287
b 317 224 320 224
b 320 224 320 287 
b 320 287 317 287
w 257 446 316 446
w 257 446 257 224 
w 257 224 316 224
w 316 288 289 288
w 289 288 289 382 
w 289 382 316 382
w 389 446 448 446
w 448 446 448 224
w 448 224 389 224
w 389 224 389 288
w 389 288 416 288
w 416 288 416 382
w 416 382 389 382