153 407
575 407
b 161 192 545 192
b 225 383 480 383
b 480 383 480 392 
b 225 383 225 392
b 193 287 193 319
b 193 319 224 319
b 224 319 224 287
b 224 287 256 287
b 256 287 256 256
b 256 256 224 256
b 224 256 224 224
b 224 224 193 224 
b 193 224 193 256
b 193 256 161 256
b 161 256 161 287
b 161 287 193 287

w 160 192 64 446
w 64 446 128 479
w 128 479 161 479
w 161 479 218 393 
w 487 393 544 479
w 544 479 577 479 
w 577 479 641 446
w 641 446 545 191

t 497 240 497 304
t 465 272 529 272

l 544 382
545 383 608 383
608 383 608 446
608 446 545 446
545 446 545 383

k 8
265 328 265 375 
265 375 312 375
312 375 312 328
312 328 265 328
393 328 393 375
393 375 440 375
440 375 440 328 
440 328 393 328