649 359
602 288
b 385 288 385 256
b 385 256 449 256
b 449 256 449 224
b 449 224 513 224
b 513 224 513 191
b 513 191 481 191
b 481 191 481 159
b 481 159 449 159
b 449 159 449 127
b 449 127 385 127
b 385 127 385 96
b 385 96 288 96
b 288 96 288 127
b 288 127 224 127
b 224 127 224 159
b 224 159 192 159
b 192 159 192 191
b 192 191 160 191
b 160 191 160 255
b 160 255 128 255
b 128 255 128 383
b 128 383 160 383
b 160 383 160 447
b 160 447 192 447
b 192 447 192 479
b 192 479 224 479
b 224 479 224 511
b 224 511 288 511
b 288 511 288 543 
b 288 543 385 543
b 385 543 385 511
b 385 511 449 511
b 449 511 449 479 
b 449 479 481 479 
b 481 479 481 447
b 481 447 513 447
b 513 447 513 414 
b 514 414 449 414 
b 449 414 449 382
b 449 382 385 382
b 385 382 385 351
b 385 351 353 351
b 353 351 353 288
b 353 288 385 288

w 545 382 672 382
w 672 256 545 256
b 544 256 544 382 
b 673 256 673 382 

l 576 287 
577 288 577 351
577 351 640 351
640 351 640 288
640 288 577 288

k 6
345 182 360 182
345 454 360 454
345 454 345 182
360 182 360 454
345 437 360 437
345 199 360 199

t 561 368 353 446
t 353 191 657 272


