345 502
345 216
p 328 350

b 160 127 160 543
b 160 543 545 543
b 545 543 545 127
b 545 127 160 127
b 160 398 342 398 
b 363 398 545 398
b 545 388 376 388
b 376 388 376 385
b 329 385 329 388
b 329 388 160 388 
b 376 364 376 361
b 376 361 480 361
b 480 361 480 192
b 480 192 417 192
b 417 192 417 205 
b 417 205 471 205
b 471 205 471 351
b 471 351 363 351
b 342 351 234 351
b 234 351 234 205 
b 234 205 288 205 
b 288 205 288 192 
b 288 192 225 192
b 225 192 225 361
b 225 361 329 361
b 329 361 329 364