569 312
354 180
b 337 296 350 296
b 371 296 377 296 
b 377 296 377 288
b 377 288 385 288
b 385 288 385 256
b 385 256 449 256
b 449 256 449 224
b 449 224 513 224
b 513 224 513 191
b 513 191 481 191
b 481 191 481 159
b 481 159 449 159
b 449 159 449 127
b 449 127 385 127
b 385 127 385 96
b 385 96 288 96
b 288 96 288 127
b 288 127 224 127
b 224 127 224 159
b 224 159 192 159
b 192 159 192 191
b 192 191 160 191
b 160 191 160 255
b 160 255 128 255
b 128 255 128 383
b 128 383 160 383
b 160 383 160 447
b 160 447 192 447
b 192 447 192 479
b 192 479 224 479
b 224 479 224 511
b 224 511 288 511
b 288 511 288 543 
b 288 543 385 543
b 385 543 385 511
b 385 511 449 511
b 449 511 449 479 
b 449 479 481 479 
b 481 479 481 447
b 481 447 513 447
b 513 447 513 414 
b 514 414 449 414 
b 449 414 449 382
b 449 382 385 382
b 385 382 385 351
b 385 351 377 351
b 377 351 377 343
b 377 343 371 343
b 350 343 337 343
b 337 343 337 330
b 337 309 337 296
b 384 296 384 309 
b 384 330 384 343 
b 384 336 544 336
b 544 336 544 339
b 384 303 544 303
b 544 303 544 300

w 545 340 545 352 
w 545 352 608 352
w 608 352 608 288
w 608 288 545 288
w 545 288 545 299

p 336 295

l 329 155
330 156 393 156
393 156 393 219
393 219 330 219
330 219 330 156
k 1
384 296 384 343

