393 406
184 375
b 513 251 513 223
b 513 223 481 223
b 481 223 481 191
b 481 191 417 191
b 417 191 417 127 
b 417 127 384 127
b 384 127 384 191
b 381 191 320 191
b 320 191 320 223 
b 320 223 288 223
b 288 223 288 255
b 288 255 256 255 
b 256 255 256 351
b 256 351 225 351
b 225 351 225 319
b 225 319 192 319
b 192 319 192 351
b 192 351 160 351
b 160 351 160 415
b 160 415 192 415
b 192 415 192 447 
b 192 447 225 447
b 225 447 225 415
b 225 415 256 415
b 256 415 256 479 
b 256 479 288 479 
b 288 479 288 543 
b 288 543 385 543
b 385 543 385 478
b 385 478 353 478
b 353 478 353 447
b 353 447 448 447
b 448 447 448 478
b 448 478 416 478
b 416 478 416 543
b 416 543 513 543
b 513 543 513 386
b 513 386 449 486
b 449 386 449 383
b 449 383 576 383
b 449 321 449 351 
b 449 351 576 351 
b 420 321 420 351
b 420 351 417 351 
b 417 351 417 288 
b 417 288 512 288
b 512 288 512 291
b 381 288 381 319
b 381 319 384 319
b 384 319 384 288
b 384 288 381 288
b 513 252 417 252 
b 417 252 417 255 
b 417 255 576 255
b 576 288 573 288
b 573 288 573 348

w 420 320 452 320
w 577 252 577 288
w 512 292 512 320
w 512 320 572 320
w 577 352 577 386

l 160 351
161 352 161 414 
161 414 224 424
224 414 224 352
224 352 161 352

k 2
384 172 417 172
384 191 417 191

t 561 304 401 160