104 487
585 487
b 96 74 96 394
b 96 74 609 74
b 609 74 609 394
b 393 212 480 212
b 480 212 480 217
b 480 217 393 217
b 393 217 393 212
b 225 212 312 212
b 312 212 312 217
b 312 217 225 217
b 225 217 225 212

b 96 428 96 561
b 96 561 108 561
b 108 561 108 575
b 108 575 597 575
b 597 575 597 561
b 597 561 609 561
b 609 561 609 428
b 609 428 597 428
b 597 428 597 414
b 597 414 108 414
b 108 414 108 428
b 108 428 96 428

b 204 575 204 561
b 204 561 239 561
b 239 561 239 575
b 204 414 204 428
b 204 428 239 428
b 239 428 239 414
b 216 464 216 524
b 216 524 227 524
b 227 524 227 464
b 227 464 216 464

b 335 575 335 561
b 335 561 347 561
b 347 561 347 528
b 347 528 358 528
b 358 528 358 561
b 358 561 370 561
b 370 561 370 575
b 335 414 335 428
b 335 428 347 428
b 347 428 347 460
b 347 460 358 460
b 358 460 358 428
b 358 428 370 428
b 370 428 370 414 
b 339 491 339 498
b 339 498 366 498
b 366 498 366 491
b 366 491 339 491

b 466 575 466 561
b 466 561 501 561
b 501 561 501 575
b 466 414 466 428
b 466 428 501 428
b 501 428 501 414
b 478 465 478 524
b 478 524 489 524
b 489 524 489 465
b 489 465 478 465

w 97 235 258 235
w 447 235 608 235
w 257 235 294 253 
w 294 254 256 330
w 256 330 352 283
w 353 283 449 330
w 449 330 411 253
w 411 253 448 235

l 544 462
545 463 545 526
545 526 608 526
608 526 608 463
608 463 545 463

k 4
224 218 257 234
480 218 448 234
316 211 352 139
353 139 390 212

k 10
121 118 121 199
136 118 136 199 
569 118 569 199
584 118 584 199 
121 118 584 118
121 135 584 135
121 151 584 151
121 168 584 168
121 182 584 182
121 199 584 199

k 86
125 441 125 448
125 448 132 448 
132 448 132 441
132 441 125 441
133 433 133 440 
133 440 179 440
179 440 179 433
179 433 133 433
180 441 180 480 
180 480 187 480 
187 480 187 441
187 441 180 441
179 481 172 481
172 481 172 491
172 491 156 491
156 491 156 498 
156 498 172 498 
172 498 172 508 
172 508 179 508
179 508 179 481
180 509 180 548
180 548 187 548
187 548 187 509 
187 509 180 509
133 549 133 556 
133 556 179 556
179 556 179 549
179 549 133 549
125 541 125 548
125 548 132 548
132 548 132 541
132 541 125 541
256 441 263 441
263 441 263 548
263 548 256 548
256 548 256 441
264 549 264 556 
264 556 310 556
310 556 310 549
310 549 264 549
311 548 318 548
318 548 318 441
318 441 311 441 
264 433 264 440
264 440 310 440 
310 440 310 433
310 433 264 433
387 441 387 548 
387 548 394 548
394 548 394 441
394 441 387 441
395 549 395 556
395 556 441 556
441 556 441 549
441 549 395 549
442 548 449 548
449 548 449 441
449 441 442 441
442 441 441 548
395 433 395 440 
395 440 441 440 
441 440 441 433
441 433 395 433
521 521 521 528 
521 528 576 528 
576 528 576 521
576 521 521 521
529 495 529 521 
529 521 536 521
536 521 536 495
536 495 529 495
537 469 537 494
537 494 544 494
544 494 544 469 
544 469 537 469
545 455 545 468
545 468 552 468
552 468 552 455
552 455 545 455
553 441 553 454
553 454 560 454
553 441 560 441
561 433 568 433
561 433 561 555
568 433 568 555
561 555 568 555

t 289 463 129 160
t 289 495 129 191
t 289 527 129 127
t 417 463 577 160
t 417 495 577 191
t 417 527 577 127