345 503
345 152
w 353 127 384 96
w 384 96 417 96
w 417 96 445 150
w 445 150 445 169
w 445 158 389 269
w 389 269 389 275
w 389 275 397 283
w 397 283 403 283 
w 403 283 514 227
w 514 227 522 227
w 522 227 577 255
w 577 255 577 287
w 577 287 545 319
w 545 320 577 352
w 577 352 577 383
w 577 383 522 411
w 522 411 512 411
w 512 411 403 356
w 403 356 397 356
w 397 356 385 368
w 385 368 385 543
w 385 543 320 543
w 320 543 320 368
w 320 368 308 356
w 308 356 302 356
w 302 356 193 411
w 193 411 185 411
w 185 411 128 382
w 128 382 128 352
w 128 352 160 320 
w 160 319 128 287
w 128 287 128 256
w 128 256 181 228
w 181 228 191 228 
w 191 228 300 283
w 300 283 308 283
w 308 283 316 275
w 316 275 316 270
w 316 270 260 159
w 260 159 260 150
w 260 150 288 96
w 288 96 320 96 
w 320 96 351 127

p 328 295
b 329 343 342 343
b 363 343 376 343
b 376 343 376 330
b 376 309 376 296
b 376 296 363 296
b 342 296 329 296
b 329 296 329 309
b 329 330 329 343